rho, ne 180920013 (10^19 m^-3), Te 180920013 (keV), Ti 180920013(keV), ne 180920017 (10^19 m^-3), Te 180920017 (keV), Ti 180920017 (keV)
0	4,6952238	4,2089539	1,7473850	6,7261205	2,9987311	1,4496057
0,012121212	4,6913452	4,2060161	1,7468542	6,7092471	2,9961481	1,4491901
0,024242423	4,6837659	4,1972208	1,7452644	6,6810389	2,9884176	1,4479444
0,036363635	4,6740837	4,1826181	1,7426231	6,6472812	2,9755964	1,4458722
0,048484847	4,6629944	4,1622925	1,7389427	6,6100631	2,9577770	1,4429795
0,060606062	4,6509356	4,1363611	1,7342407	6,5705891	2,9350882	1,4392742
0,072727270	4,6382151	4,1049705	1,7285386	6,5296664	2,9076910	1,4347670
0,084848486	4,6250658	4,0682983	1,7218630	6,4878778	2,8757792	1,4294702
0,096969694	4,6116691	4,0265479	1,7142441	6,4456682	2,8395734	1,4233984
0,10909091	4,5981688	3,9799488	1,7057160	6,4033856	2,7993212	1,4165679
0,12121212	4,5846829	3,9287515	1,6963164	6,3613086	2,7552915	1,4089969
0,13333334	4,5713048	3,8732271	1,6860856	6,3196645	2,7077725	1,4007051
0,14545454	4,5581121	3,8136632	1,6750668	6,2786398	2,6570668	1,3917135
0,15757576	4,5451665	3,7503610	1,6633054	6,2383871	2,6034889	1,3820443
0,16969697	4,5325165	3,6836326	1,6508484	6,1990333	2,5473607	1,3717210
0,18181819	4,5201998	3,6137979	1,6377441	6,1606822	2,4890084	1,3607675
0,19393939	4,5082450	3,5411808	1,6240412	6,1234183	2,4287584	1,3492086
0,20606060	4,4966702	3,4661081	1,6097891	6,0873098	2,3669348	1,3370694
0,21818182	4,4854865	3,3889043	1,5950369	6,0524092	2,3038549	1,3243752
0,23030303	4,4746981	3,3098912	1,5798327	6,0187564	2,2398281	1,3111510
0,24242425	4,4643016	3,2293844	1,5642238	5,9863806	2,1751525	1,2974221
0,25454545	4,4542880	3,1476903	1,5482554	5,9552994	2,1101122	1,2832128
0,26666668	4,4446430	3,0651057	1,5319715	5,9255209	2,0449765	1,2685469
0,27878788	4,4353466	2,9819148	1,5154124	5,8970451	1,9799974	1,2534477
0,29090908	4,4263740	2,8983879	1,4986167	5,8698630	1,9154092	1,2379367
0,30303031	4,4176955	2,8147807	1,4816190	5,8439589	1,8514271	1,2220348
0,31515151	4,4092779	2,7313323	1,4644504	5,8193097	1,7882465	1,2057612
0,32727271	4,4010835	2,6482651	1,4471381	5,7958860	1,7260433	1,1891336
0,33939394	4,3930712	2,5657837	1,4297049	5,7736516	1,6649736	1,1721679
0,35151514	4,3851953	2,4840748	1,4121692	5,7525659	1,6051735	1,1548783
0,36363637	4,3774090	2,4033074	1,3945442	5,7325811	1,5467602	1,1372766
0,37575758	4,3696604	2,3236322	1,3768382	5,7136455	1,4898324	1,1193733
0,38787878	4,3618956	2,2451823	1,3590541	5,6957016	1,4344708	1,1011759
0,40000001	4,3540583	2,1680729	1,3411891	5,6786885	1,3807392	1,0826900
0,41212121	4,3460898	2,0924029	1,3232348	5,6625400	1,3286856	1,0639192
0,42424244	4,3379283	2,0182545	1,3051767	5,6471848	1,2783432	1,0448643
0,43636364	4,3295112	1,9456944	1,2869945	5,6325498	1,2297310	1,0255240
0,44848484	4,3207726	1,8747749	1,2686616	5,6185555	1,1828556	1,0058948
0,46060607	4,3116460	1,8055340	1,2501453	5,6051207	1,1377121	0,98597085
0,47272727	4,3020630	1,7379969	1,2314068	5,5921593	1,0942851	0,96574408
0,48484850	4,2919536	1,6721768	1,2124013	5,5795827	1,0525497	0,94520432
0,49696970	4,2812467	1,6080759	1,1930777	5,5672979	1,0124726	0,92433965
0,50909090	4,2698708	1,5456864	1,1733798	5,5552096	0,97401351	0,90313625
0,52121210	4,2577519	1,4849914	1,1532453	5,5432196	0,93712509	0,88157874
0,53333336	4,2448173	1,4259663	1,1326075	5,5312262	0,90175486	0,85965043
0,54545456	4,2309918	1,3685790	1,1113948	5,5191245	0,86784536	0,83733374
0,55757576	4,2162013	1,3127919	1,0895324	5,5068078	0,83533508	0,81461024
0,56969696	4,2003703	1,2585618	1,0669421	5,4941659	0,80415916	0,79146129
0,58181816	4,1834230	1,2058417	1,0435443	5,4810867	0,77425003	0,76786846
0,59393942	4,1652856	1,1545812	1,0192586	5,4674554	0,74553776	0,74381387
0,60606062	4,1458817	1,1047276	0,99400568	5,4531546	0,71795082	0,71795082
0,61818182	4,1251369	1,0562268	0,96770871	5,4380636	0,69141662	0,69141662
0,63030303	4,1029768	1,0090241	0,94029558	5,4220614	0,66586155	0,66586155
0,64242423	4,0793271	0,96306497	0,91170073	5,4050236	0,64121187	0,64121187
0,65454543	4,0541153	0,91829598	0,88186783	5,3868232	0,61739373	0,61739373
0,66666669	4,0272689	0,87466556	0,85075241	5,3673315	0,59433389	0,59433389
0,67878789	3,9987156	0,83212483	0,81832445	5,3464174	0,57195997	0,57195997
0,69090909	3,9683859	0,79062819	0,78457135	5,3239484	0,55020082	0,55020082
0,70303029	3,9362102	0,75013423	0,74950087	5,2997890	0,52898705	0,52898705
0,71515149	3,9021208	0,71060646	0,71060646	5,2738013	0,50825161	0,50825161
0,72727275	3,8660512	0,67201370	0,67201370	5,2458472	0,48793012	0,48793012
0,73939395	3,8279366	0,63433099	0,63433099	5,2157841	0,46796164	0,46796164
0,75151515	3,7877138	0,59753984	0,59753984	5,1834683	0,44828925	0,44828925
0,76363635	3,7453213	0,56162906	0,56162906	5,1487546	0,42886063	0,42886063
0,77575755	3,7007000	0,52659470	0,52659470	5,1114941	0,40962905	0,40962905
0,78787881	3,6537924	0,49244055	0,49244055	5,0715365	0,39055398	0,39055398
0,80000001	3,6045434	0,45917815	0,45917815	5,0287294	0,37160197	0,37160197
0,81212121	3,5528998	0,42682672	0,42682672	4,9829173	0,35274762	0,35274762
0,82424241	3,4988115	0,39541298	0,39541298	4,9339418	0,33397430	0,33397430
0,83636361	3,4422300	0,36497059	0,36497059	4,8816433	0,31527498	0,31527498
0,84848487	3,3831105	0,33553949	0,33553949	4,8258572	0,29665300	0,29665300
0,86060607	3,3214099	0,30716497	0,30716497	4,7664175	0,27812263	0,27812263
0,87272727	3,2570887	0,27989650	0,27989650	4,7031550	0,25970951	0,25970951
0,88484848	3,1901102	0,25378633	0,25378633	4,6358953	0,24145062	0,24145062
0,89696968	3,1204407	0,22888780	0,22888780	4,5644627	0,22339438	0,22339438
0,90909094	3,0480499	0,20525354	0,20525354	4,4886756	0,20559993	0,20559993
0,92121214	2,9729109	0,18293345	0,18293345	4,4083486	0,18813625	0,18813625
0,93333334	2,8950002	0,16197264	0,16197264	4,3232923	0,17108066	0,17108066
0,94545454	2,8142979	0,14240925	0,14240925	4,2333107	0,15451702	0,15451702
0,95757574	2,7307882	0,12427243	0,12427243	4,1382031	0,13853335	0,13853335
0,96969700	2,6444592	0,10758045	0,10758045	4,0377622	0,12321899	0,12321899
0,98181820	2,5553029	0,092339054	0,092339054	3,9317741	0,10866151	0,10866151
0,99393940	2,4633160	0,078540139	0,078540139	3,8200171	0,094943330	0,094943330
1,0060606	2,3684998	0,066160969	0,066160969	3,7022607	0,082138307	0,082138307
1,0181818	2,2708597	0,055163808	0,055163808	3,5782650	0,070308372	0,070308372
1,0303030	2,1704073	0,045496255	0,045496255	3,4477799	0,059500575	0,059500575
1,0424242	2,0671582	0,037092045	0,037092045	3,3105433	0,049744565	0,049744565
1,0545454	1,9611346	0,029872544	0,029872544	3,1662793	0,041050881	0,041050881
1,0666667	1,8523642	0,023748703	0,023748703	3,0146976	0,033410095	0,033410095
1,0787879	1,7408810	0,018623484	0,018623484	2,8554900	0,026792977	0,026792977
1,0909091	1,6267260	0,014394585	0,014394585	2,6883297	0,021151690	0,021151690
1,1030303	1,5099473	0,010957335	0,010957335	2,5128672	0,016421987	0,016421987
1,1151515	1,3906012	0,0082075736	0,0082075736	2,3287272	0,012526241	0,012526241
1,1272727	1,2687520	0,0060443692	0,0060443692	2,1355054	0,0093771350	0,0093771350
1,1393939	1,1444738	0,0043724142	0,0043724142	1,9327629	0,0068816924	0,0068816924
1,1515151	1,0178511	0,0031039785	0,0031039785	1,7200211	0,0049453666	0,0049453666
1,1636363	0,88897961	0,0021603340	0,0021603340	1,4967543	0,0034758647	0,0034758647
1,1757575	0,75796807	0,0014726178	0,0014726178	1,2623812	0,0023864456	0,0023864456
1,1878788	0,62493968	0,00098213775	0,00098213775	1,0162539	0,0015984809	0,0015984809
1,2000000	0,49003434	0,00064017397	0,00064017397	0,75764459	0,0010431641	0,0010431641