# 
# shot 180920013
#
# BOZ VMEC ID boz_EIMpl252_phi_1.949_p0_40.00_ppeak_3.50_Itot_0.00_Ipeak_0.00_v20190220182950
# B00 2.4930099247973976 T
# a 0.520435666924 m
#
# database VMEC_ID w7x_ref_172
# B00 2.494651425562387 T
# a 0.515998123464 m
#
# av. time window: 2500-5000 ms
#
# Thomson data: LFS+HFS
# rho, reff [m], ne [1e19 m-3], Te [keV], CXRS Ti [keV]
0.000000000000000000e+00 0.000000000000000000e+00 5.099801540374755859e+00 4.411169052124023438e+00 1.669927597045898438e+00
2.197291135743624502e-02 1.143548677657705605e-02 5.088676929473876953e+00 4.381430149078369141e+00 1.667784094810485840e+00
4.394582271487249003e-02 2.287097355315411210e-02 5.068540096282958984e+00 4.324047565460205078e+00 1.662522792816162109e+00
6.591873407230873505e-02 3.430646032973116988e-02 5.044157505035400391e+00 4.248672962188720703e+00 1.654588460922241211e+00
8.789164542974498007e-02 4.574194710630822419e-02 5.017480373382568359e+00 4.159309864044189453e+00 1.644179821014404297e+00
1.098645567871812251e-01 5.717743388288527850e-02 4.989661216735839844e+00 4.058554172515869141e+00 1.631429195404052734e+00
1.318374681446174701e-01 6.861292065946233976e-02 4.961454868316650391e+00 3.948356628417968750e+00 1.616438508033752441e+00
1.538103795020537012e-01 8.004840743603938713e-02 4.933372020721435547e+00 3.830301284790039062e+00 1.599292993545532227e+00
1.757832908594899601e-01 9.148389421261644838e-02 4.905755996704101562e+00 3.705734014511108398e+00 1.580067873001098633e+00
1.977562022169262190e-01 1.029193809891935096e-01 4.878825664520263672e+00 3.575833797454833984e+00 1.558832049369812012e+00
2.197291135743624502e-01 1.143548677657705570e-01 4.852700233459472656e+00 3.441653966903686523e+00 1.535650372505187988e+00
2.417020249317986813e-01 1.257903545423476044e-01 4.827420234680175781e+00 3.304147243499755859e+00 1.510585546493530273e+00
2.636749362892349402e-01 1.372258413189246795e-01 4.802957057952880859e+00 3.164184093475341797e+00 1.483698248863220215e+00
2.856478476466711713e-01 1.486613280955017269e-01 4.779224395751953125e+00 3.022563934326171875e+00 1.455048322677612305e+00
3.076207590041074025e-01 1.600968148720787743e-01 4.756085872650146484e+00 2.880023479461669922e+00 1.424695253372192383e+00
3.295936703615436891e-01 1.715323016486558494e-01 4.733359336853027344e+00 2.737242937088012695e+00 1.392698526382446289e+00
3.515665817189799203e-01 1.829677884252328968e-01 4.710824012756347656e+00 2.594851016998291016e+00 1.359117388725280762e+00
3.735394930764161514e-01 1.944032752018099441e-01 4.688225269317626953e+00 2.453428030014038086e+00 1.324011445045471191e+00
3.955124044338524381e-01 2.058387619783870193e-01 4.665275096893310547e+00 2.313509225845336914e+00 1.287441015243530273e+00
4.174853157912886692e-01 2.172742487549640666e-01 4.641660690307617188e+00 2.175586462020874023e+00 1.249466300010681152e+00
4.394582271487249003e-01 2.287097355315411140e-01 4.617043495178222656e+00 2.040110588073730469e+00 1.210148334503173828e+00
4.614311385061611870e-01 2.401452223081181891e-01 4.591064929962158203e+00 1.907493472099304199e+00 1.169548511505126953e+00
4.834040498635973626e-01 2.515807090846952088e-01 4.563348770141601562e+00 1.778108716011047363e+00 1.127728819847106934e+00
5.053769612210335938e-01 2.630161958612722839e-01 4.533502578735351562e+00 1.652293562889099121e+00 1.084751605987548828e+00
5.273498725784698804e-01 2.744516826378493590e-01 4.501122474670410156e+00 1.530350208282470703e+00 1.040679454803466797e+00
5.493227839359060560e-01 2.858871694144263786e-01 4.465793609619140625e+00 1.412546396255493164e+00 9.955757260322570801e-01
5.712956952933423427e-01 2.973226561910034538e-01 4.427093982696533203e+00 1.299117565155029297e+00 9.495037198066711426e-01
5.932686066507786293e-01 3.087581429675805289e-01 4.384597301483154297e+00 1.190267205238342285e+00 9.025271534919738770e-01
6.152415180082148050e-01 3.201936297441575485e-01 4.337872982025146484e+00 1.086168527603149414e+00 8.547098040580749512e-01
6.372144293656510916e-01 3.316291165207346237e-01 4.286490440368652344e+00 9.869652986526489258e-01 8.061157464981079102e-01
6.591873407230873783e-01 3.430646032973116988e-01 4.230018615722656250e+00 8.927730917930603027e-01 7.568089962005615234e-01
6.811602520805235539e-01 3.545000900738887184e-01 4.168032169342041016e+00 8.036805987358093262e-01 7.068534493446350098e-01
7.031331634379598405e-01 3.659355768504657935e-01 4.100108623504638672e+00 7.197507619857788086e-01 6.563130021095275879e-01
7.251060747953960162e-01 3.773710636270428131e-01 4.025832653045654297e+00 6.410217881202697754e-01 6.052514314651489258e-01
7.470789861528323028e-01 3.888065504036198883e-01 3.944797754287719727e+00 5.675085783004760742e-01 5.537319779396057129e-01
7.690518975102687005e-01 4.002420371801970189e-01 3.856606721878051758e+00 4.992039501667022705e-01 5.018178820610046387e-01
7.910248088677048761e-01 4.116775239567740385e-01 3.760873556137084961e+00 4.360797703266143799e-01 4.495716989040374756e-01
8.129977202251410517e-01 4.231130107333510582e-01 3.657224893569946289e+00 3.780881762504577637e-01 3.970556259155273438e-01
8.349706315825773384e-01 4.345484975099281333e-01 3.545301437377929688e+00 3.251630365848541260e-01 3.443312942981719971e-01
8.569435429400136250e-01 4.459839842865052084e-01 3.424757957458496094e+00 2.772209644317626953e-01 2.914597392082214355e-01
8.789164542974498007e-01 4.574194710630822280e-01 3.295265674591064453e+00 2.341627627611160278e-01 2.385011911392211914e-01
9.008893656548859763e-01 4.688549578396592477e-01 3.156512260437011719e+00 1.958745419979095459e-01 1.855152547359466553e-01
9.228622770123223740e-01 4.802904446162363783e-01 3.008202552795410156e+00 1.622290611267089844e-01 1.325606703758239746e-01
9.448351883697586606e-01 4.917259313928134534e-01 2.850059747695922852e+00 1.330869346857070923e-01 7.969531416893005371e-02
9.668080997271947252e-01 5.031614181693904175e-01 2.681825399398803711e+00 1.082978919148445129e-01 2.697614394128322601e-02
9.887810110846309009e-01 5.145969049459674372e-01 2.503260612487792969e+00 8.770193159580230713e-02 1.348807197064161301e-02
1.010753922442067188e+00 5.260323917225445678e-01 2.314145326614379883e+00 7.113059610128402710e-02 6.744035985320806503e-03
1.032726833799503696e+00 5.374678784991216984e-01 2.114279270172119141e+00 5.840809270739555359e-02 3.372017992660403252e-03
1.054699745156939761e+00 5.489033652756987181e-01 1.903482556343078613e+00 4.935244470834732056e-02 1.686008996330201626e-03
1.076672656514376047e+00 5.603388520522757377e-01 1.681594371795654297e+00 4.377665370702743530e-02 8.430044981651008129e-04
1.098645567871812112e+00 5.717743388288527573e-01 1.448474645614624023e+00 4.148974642157554626e-02 4.215022490825504065e-04
1.120618479229248621e+00 5.832098256054298879e-01 1.204002976417541504e+00 4.229786247014999390e-02 2.107511245412752032e-04
1.142591390586684685e+00 5.946453123820069075e-01 9.480788111686706543e-01 4.600526764988899231e-02 1.053755622706376016e-04
1.164564301944120972e+00 6.060807991585839272e-01 6.806216239929199219e-01 5.241533368825912476e-02 5.268778113531880081e-05
1.186537213301557259e+00 6.175162859351610578e-01 4.015707373619079590e-01 6.133147701621055603e-02 2.634389056765940040e-05
1.208510124658993545e+00 6.289517727117380774e-01 1.108853444457054138e-01 7.255806773900985718e-02 1.317194528382970020e-05
1.230483036016429610e+00 6.403872594883150970e-01 5.544267222285270691e-02 8.590128272771835327e-02 6.585972641914850101e-06
1.252455947373865897e+00 6.518227462648921167e-01 2.772133611142635345e-02 1.011698991060256958e-01 3.292986320957425050e-06
1.274428858731302183e+00 6.632582330414692473e-01 1.386066805571317673e-02 1.181760728359222412e-01 1.646493160478712525e-06
1.296401770088738692e+00 6.746937198180463779e-01 6.930334027856588364e-03 1.367360055446624756e-01 8.232465802393562626e-07
1.318374681446174757e+00 6.861292065946233976e-01 3.465167013928294182e-03 1.566706597805023193e-01 4.116232901196781313e-07
1.340347592803611043e+00 6.975646933712004172e-01 1.732583506964147091e-03 1.778063029050827026e-01 2.058116450598390657e-07
1.362320504161047108e+00 7.090001801477774368e-01 8.662917534820735455e-04 1.999751031398773193e-01 1.029058225299195328e-07
1.384293415518483616e+00 7.204356669243545674e-01 4.331458767410367727e-04 2.230155766010284424e-01 5.145291126495976641e-08
