      S          PHI         IOTA        SHEAR        VP         WELL        ITOR       ITOR'       PRES       PRES'
------------------------------------------------------------------------------------------------------------------------
  1.0204E-02 -6.0146E-03  8.5790E-01  5.7255E-02 -2.5588E+00  1.9166E-01  7.3085E-17  4.5163E-15  4.1037E-01 -2.7489E-01
  2.0408E-02 -1.2029E-02  8.5913E-01  1.0227E-01 -2.5576E+00  1.9406E-01  4.7432E-17 -7.8537E-15  4.0614E-01 -2.7502E-01
  3.0612E-02 -1.8044E-02  8.6064E-01  9.3915E-02 -2.5565E+00  1.9401E-01 -1.5642E-17 -3.4682E-16  4.0191E-01 -2.7514E-01
  4.0816E-02 -2.4058E-02  8.6201E-01  8.4699E-02 -2.5553E+00  1.9211E-01  2.1725E-17  5.2095E-15  3.9768E-01 -2.7527E-01
  5.1020E-02 -3.0073E-02  8.6326E-01  7.7982E-02 -2.5541E+00  1.9035E-01  6.6478E-17  6.1458E-16  3.9345E-01 -2.7539E-01
  6.1224E-02 -3.6088E-02  8.6442E-01  7.2275E-02 -2.5530E+00  1.8848E-01  1.7675E-17 -6.9714E-15  3.8922E-01 -2.7552E-01
  7.1429E-02 -4.2102E-02  8.6549E-01  6.7402E-02 -2.5519E+00  1.8673E-01  2.1012E-17  7.4093E-15  3.8499E-01 -2.7564E-01
  8.1633E-02 -4.8117E-02  8.6649E-01  6.2999E-02 -2.5508E+00  1.8513E-01  8.2215E-17  5.6614E-16  3.8076E-01 -2.7576E-01
  9.1837E-02 -5.4131E-02  8.6742E-01  5.8774E-02 -2.5497E+00  1.8369E-01  7.2114E-17 -1.8838E-15  3.7653E-01 -2.7588E-01
  1.0204E-01 -6.0146E-02  8.6829E-01  5.4662E-02 -2.5485E+00  1.8242E-01 -3.9277E-18 -8.0370E-15  3.7230E-01 -2.7600E-01
  1.1224E-01 -6.6161E-02  8.6910E-01  5.0649E-02 -2.5475E+00  1.8132E-01 -1.2314E-16 -7.5208E-15  3.6807E-01 -2.7612E-01
  1.2245E-01 -7.2175E-02  8.6985E-01  4.6756E-02 -2.5464E+00  1.8036E-01 -1.4536E-16  4.6231E-15  3.6384E-01 -2.7624E-01
  1.3265E-01 -7.8190E-02  8.7053E-01  4.2984E-02 -2.5453E+00  1.7951E-01  6.7750E-17  2.3216E-14  3.5960E-01 -2.7635E-01
  1.4286E-01 -8.4204E-02  8.7116E-01  3.9369E-02 -2.5442E+00  1.7876E-01  2.0982E-16 -4.6576E-15  3.5537E-01 -2.7647E-01
  1.5306E-01 -9.0219E-02  8.7174E-01  3.5925E-02 -2.5431E+00  1.7807E-01  1.3101E-16 -5.6450E-15  3.5114E-01 -2.7659E-01
  1.6327E-01 -9.6233E-02  8.7226E-01  3.2663E-02 -2.5421E+00  1.7744E-01  1.3642E-16  6.3547E-15  3.4691E-01 -2.7670E-01
  1.7347E-01 -1.0225E-01  8.7274E-01  2.9584E-02 -2.5410E+00  1.7685E-01  1.0521E-16 -1.0441E-14  3.4268E-01 -2.7682E-01
  1.8367E-01 -1.0826E-01  8.7317E-01  2.6699E-02 -2.5399E+00  1.7629E-01  1.3258E-16  1.4030E-14  3.3845E-01 -2.7693E-01
  1.9388E-01 -1.1428E-01  8.7356E-01  2.4007E-02 -2.5389E+00  1.7577E-01  3.7531E-17 -2.6485E-14  3.3422E-01 -2.7705E-01
  2.0408E-01 -1.2029E-01  8.7390E-01  2.1503E-02 -2.5378E+00  1.7527E-01 -1.1140E-16  6.9817E-15  3.2999E-01 -2.7717E-01
  2.1429E-01 -1.2631E-01  8.7421E-01  1.9183E-02 -2.5368E+00  1.7480E-01 -6.9102E-17 -1.4399E-15  3.2576E-01 -2.7728E-01
  2.2449E-01 -1.3232E-01  8.7449E-01  1.7048E-02 -2.5357E+00  1.7435E-01  6.5866E-17  1.9140E-14  3.2153E-01 -2.7739E-01
  2.3469E-01 -1.3834E-01  8.7474E-01  1.5088E-02 -2.5347E+00  1.7393E-01  9.4094E-17 -1.5444E-14  3.1730E-01 -2.7751E-01
  2.4490E-01 -1.4435E-01  8.7495E-01  1.3297E-02 -2.5336E+00  1.7353E-01  1.1268E-16  1.7890E-14  3.1307E-01 -2.7762E-01
  2.5510E-01 -1.5036E-01  8.7514E-01  1.1675E-02 -2.5326E+00  1.7317E-01  3.6275E-16  1.4937E-14  3.0884E-01 -2.7774E-01
  2.6531E-01 -1.5638E-01  8.7531E-01  1.0219E-02 -2.5315E+00  1.7283E-01  1.1466E-16 -4.7531E-14  3.0461E-01 -2.7785E-01
  2.7551E-01 -1.6239E-01  8.7545E-01  8.9141E-03 -2.5305E+00  1.7252E-01 -7.2423E-17  2.2967E-14  3.0038E-01 -2.7797E-01
  2.8571E-01 -1.6841E-01  8.7558E-01  7.7625E-03 -2.5295E+00  1.7223E-01  3.5509E-17 -8.7875E-15  2.9614E-01 -2.7808E-01
  2.9592E-01 -1.7442E-01  8.7569E-01  6.7620E-03 -2.5284E+00  1.7197E-01 -1.0636E-16 -9.8662E-15  2.9191E-01 -2.7819E-01
  3.0612E-01 -1.8044E-01  8.7579E-01  5.9121E-03 -2.5274E+00  1.7175E-01  3.4274E-18  2.4314E-14  2.8768E-01 -2.7831E-01
  3.1633E-01 -1.8645E-01  8.7587E-01  5.2078E-03 -2.5264E+00  1.7155E-01  9.9885E-17 -1.1628E-14  2.8345E-01 -2.7842E-01
  3.2653E-01 -1.9247E-01  8.7595E-01  4.6491E-03 -2.5253E+00  1.7137E-01  8.8729E-17  1.0164E-14  2.7922E-01 -2.7854E-01
  3.3673E-01 -1.9848E-01  8.7601E-01  4.2327E-03 -2.5243E+00  1.7123E-01  2.6491E-16  1.3040E-14  2.7499E-01 -2.7865E-01
  3.4694E-01 -2.0450E-01  8.7608E-01  3.9569E-03 -2.5233E+00  1.7111E-01  1.8029E-16 -2.4197E-14  2.7076E-01 -2.7876E-01
  3.5714E-01 -2.1051E-01  8.7614E-01  3.8161E-03 -2.5222E+00  1.7102E-01  2.0011E-18  7.0164E-16  2.6653E-01 -2.7888E-01
  3.6735E-01 -2.1653E-01  8.7619E-01  3.8367E-03 -2.5212E+00  1.7095E-01  6.2396E-17  7.2636E-15  2.6230E-01 -2.7899E-01
  3.7755E-01 -2.2254E-01  8.7625E-01  4.0016E-03 -2.5202E+00  1.7093E-01  3.7616E-17 -1.0536E-14  2.5807E-01 -2.7910E-01
  3.8776E-01 -2.2855E-01  8.7632E-01  4.2796E-03 -2.5192E+00  1.7091E-01 -2.4886E-17  2.2902E-15  2.5384E-01 -2.7922E-01
  3.9796E-01 -2.3457E-01  8.7638E-01  4.6871E-03 -2.5181E+00  1.7092E-01  6.9847E-17  1.0219E-14  2.4961E-01 -2.7933E-01
  4.0816E-01 -2.4058E-01  8.7646E-01  5.2386E-03 -2.5171E+00  1.7095E-01  1.4642E-16 -1.0687E-16  2.4538E-01 -2.7945E-01
  4.1837E-01 -2.4660E-01  8.7654E-01  5.9249E-03 -2.5161E+00  1.7100E-01  4.9985E-17 -1.2638E-14  2.4115E-01 -2.7956E-01
  4.2857E-01 -2.5261E-01  8.7664E-01  6.7408E-03 -2.5151E+00  1.7108E-01  2.8770E-16  4.4072E-14  2.3692E-01 -2.7967E-01
  4.3878E-01 -2.5863E-01  8.7675E-01  7.6890E-03 -2.5140E+00  1.7117E-01  3.9840E-16 -2.9449E-14  2.3269E-01 -2.7979E-01
  4.4898E-01 -2.6464E-01  8.7687E-01  8.7676E-03 -2.5130E+00  1.7128E-01  7.1592E-17 -1.3783E-14  2.2845E-01 -2.7990E-01
  4.5918E-01 -2.7066E-01  8.7701E-01  9.9739E-03 -2.5120E+00  1.7141E-01 -4.9602E-18  3.6550E-15  2.2422E-01 -2.8002E-01
  4.6939E-01 -2.7667E-01  8.7718E-01  1.1304E-02 -2.5109E+00  1.7156E-01  1.1885E-16  1.2740E-14  2.1999E-01 -2.8013E-01
  4.7959E-01 -2.8269E-01  8.7736E-01  1.2774E-02 -2.5099E+00  1.7172E-01  8.9272E-17 -1.6664E-14  2.1576E-01 -2.8025E-01
  4.8980E-01 -2.8870E-01  8.7756E-01  1.4368E-02 -2.5089E+00  1.7191E-01  1.2773E-19  4.8559E-15  2.1153E-01 -2.8036E-01
  5.0000E-01 -2.9471E-01  8.7779E-01  1.6068E-02 -2.5078E+00  1.7210E-01 -6.5962E-17 -1.3621E-14  2.0730E-01 -2.8048E-01
  5.1020E-01 -3.0073E-01  8.7805E-01  1.7889E-02 -2.5068E+00  1.7231E-01  4.3513E-17  2.8148E-14  2.0307E-01 -2.8060E-01
  5.2041E-01 -3.0674E-01  8.7833E-01  1.9845E-02 -2.5058E+00  1.7253E-01  3.3022E-16  9.8876E-15  1.9884E-01 -2.8071E-01
  5.3061E-01 -3.1276E-01  8.7865E-01  2.1913E-02 -2.5047E+00  1.7276E-01  1.2288E-16 -3.7419E-14  1.9461E-01 -2.8083E-01
  5.4082E-01 -3.1877E-01  8.7899E-01  2.4082E-02 -2.5037E+00  1.7300E-01  1.5093E-16  4.1161E-14  1.9038E-01 -2.8094E-01
  5.5102E-01 -3.2479E-01  8.7937E-01  2.6366E-02 -2.5026E+00  1.7325E-01  3.3980E-16 -1.6083E-14  1.8615E-01 -2.8106E-01
  5.6122E-01 -3.3080E-01  8.7979E-01  2.8759E-02 -2.5016E+00  1.7350E-01  1.6107E-16 -7.6686E-15  1.8192E-01 -2.8118E-01
  5.7143E-01 -3.3682E-01  8.8024E-01  3.1261E-02 -2.5006E+00  1.7376E-01  1.6485E-16  8.1743E-15  1.7769E-01 -2.8130E-01
  5.8163E-01 -3.4283E-01  8.8073E-01  3.3868E-02 -2.4995E+00  1.7403E-01  1.8335E-16 -5.7166E-15  1.7346E-01 -2.8141E-01
  5.9184E-01 -3.4885E-01  8.8126E-01  3.6582E-02 -2.4985E+00  1.7430E-01  1.8126E-16  5.4413E-15  1.6923E-01 -2.8153E-01
  6.0204E-01 -3.5486E-01  8.8183E-01  3.9394E-02 -2.4974E+00  1.7458E-01  6.8155E-16  6.1170E-14  1.6499E-01 -2.8165E-01
  6.1224E-01 -3.6088E-01  8.8244E-01  4.2296E-02 -2.4964E+00  1.7485E-01  4.3137E-16 -9.4520E-14  1.6076E-01 -2.8177E-01
  6.2245E-01 -3.6689E-01  8.8310E-01  4.5304E-02 -2.4953E+00  1.7513E-01  2.4726E-17  4.0370E-14  1.5653E-01 -2.8189E-01
  6.3265E-01 -3.7290E-01  8.8380E-01  4.8435E-02 -2.4943E+00  1.7541E-01  4.7430E-16  1.9549E-14  1.5230E-01 -2.8201E-01
  6.4286E-01 -3.7892E-01  8.8455E-01  5.1644E-02 -2.4932E+00  1.7568E-01  5.2759E-16 -1.2450E-14  1.4807E-01 -2.8213E-01
  6.5306E-01 -3.8493E-01  8.8535E-01  5.4920E-02 -2.4921E+00  1.7595E-01  5.2203E-16  1.1714E-14  1.4384E-01 -2.8225E-01
  6.6327E-01 -3.9095E-01  8.8620E-01  5.8287E-02 -2.4911E+00  1.7621E-01  4.0209E-16 -2.7729E-14  1.3961E-01 -2.8237E-01
  6.7347E-01 -3.9696E-01  8.8710E-01  6.1742E-02 -2.4900E+00  1.7646E-01 -7.7213E-17 -3.6267E-14  1.3538E-01 -2.8249E-01
  6.8367E-01 -4.0298E-01  8.8805E-01  6.5281E-02 -2.4890E+00  1.7671E-01 -1.8763E-16  2.1530E-14  1.3115E-01 -2.8261E-01
  6.9388E-01 -4.0899E-01  8.8905E-01  6.8899E-02 -2.4879E+00  1.7695E-01  1.2087E-16  1.9695E-14  1.2692E-01 -2.8273E-01
  7.0408E-01 -4.1501E-01  8.9011E-01  7.2595E-02 -2.4868E+00  1.7717E-01  4.6689E-16  2.6564E-14  1.2269E-01 -2.8285E-01
  7.1429E-01 -4.2102E-01  8.9123E-01  7.6365E-02 -2.4858E+00  1.7738E-01  2.7023E-16 -5.2883E-14  1.1846E-01 -2.8297E-01
  7.2449E-01 -4.2704E-01  8.9240E-01  8.0204E-02 -2.4847E+00  1.7758E-01 -1.6077E-16 -4.7749E-15  1.1423E-01 -2.8309E-01
  7.3469E-01 -4.3305E-01  8.9362E-01  8.4119E-02 -2.4836E+00  1.7775E-01  6.7612E-17  3.5354E-14  1.1000E-01 -2.8321E-01
  7.4490E-01 -4.3907E-01  8.9491E-01  8.8112E-02 -2.4826E+00  1.7791E-01  2.8267E-16 -6.5640E-15  1.0577E-01 -2.8334E-01
  7.5510E-01 -4.4508E-01  8.9626E-01  9.2162E-02 -2.4815E+00  1.7805E-01  2.5150E-16  2.3905E-15  1.0154E-01 -2.8346E-01
  7.6531E-01 -4.5109E-01  8.9766E-01  9.6266E-02 -2.4804E+00  1.7816E-01  3.3133E-16  8.3106E-15  9.7305E-02 -2.8358E-01
  7.7551E-01 -4.5711E-01  8.9913E-01  1.0044E-01 -2.4793E+00  1.7824E-01  5.5958E-16  2.2299E-14  9.3074E-02 -2.8370E-01
  7.8571E-01 -4.6312E-01  9.0066E-01  1.0467E-01 -2.4783E+00  1.7830E-01  6.0416E-16 -1.6327E-14  8.8843E-02 -2.8383E-01
  7.9592E-01 -4.6914E-01  9.0225E-01  1.0896E-01 -2.4772E+00  1.7832E-01  4.7933E-16 -4.2293E-16  8.4613E-02 -2.8395E-01
  8.0612E-01 -4.7515E-01  9.0391E-01  1.1330E-01 -2.4761E+00  1.7831E-01  1.7461E-16 -4.0498E-14  8.0382E-02 -2.8407E-01
  8.1633E-01 -4.8117E-01  9.0562E-01  1.1769E-01 -2.4751E+00  1.7826E-01  1.1121E-16  3.1999E-14  7.6152E-02 -2.8419E-01
  8.2653E-01 -4.8718E-01  9.0741E-01  1.2213E-01 -2.4740E+00  1.7818E-01 -3.0608E-16 -8.8100E-14  7.1921E-02 -2.8432E-01
  8.3673E-01 -4.9320E-01  9.0926E-01  1.2662E-01 -2.4729E+00  1.7804E-01 -5.6031E-17  1.2176E-13  6.7690E-02 -2.8444E-01
  8.4694E-01 -4.9921E-01  9.1118E-01  1.3116E-01 -2.4718E+00  1.7787E-01  6.4452E-16 -2.7573E-14  6.3460E-02 -2.8456E-01
  8.5714E-01 -5.0523E-01  9.1316E-01  1.3575E-01 -2.4708E+00  1.7764E-01  6.6986E-16  3.0994E-14  5.9229E-02 -2.8469E-01
  8.6735E-01 -5.1124E-01  9.1521E-01  1.4038E-01 -2.4697E+00  1.7736E-01  4.5557E-17 -1.1506E-13  5.4998E-02 -2.8481E-01
  8.7755E-01 -5.1725E-01  9.1733E-01  1.4505E-01 -2.4686E+00  1.7701E-01 -1.2394E-16  9.2283E-14  5.0768E-02 -2.8493E-01
  8.8776E-01 -5.2327E-01  9.1952E-01  1.4977E-01 -2.4676E+00  1.7661E-01  7.5041E-16  2.5503E-14  4.6537E-02 -2.8506E-01
  8.9796E-01 -5.2928E-01  9.2178E-01  1.5453E-01 -2.4665E+00  1.7613E-01  4.5054E-16 -6.5941E-14  4.2306E-02 -2.8518E-01
  9.0816E-01 -5.3530E-01  9.2410E-01  1.5933E-01 -2.4655E+00  1.7558E-01  2.5248E-17  8.6079E-15  3.8076E-02 -2.8530E-01
  9.1837E-01 -5.4131E-01  9.2650E-01  1.6416E-01 -2.4644E+00  1.7495E-01  3.2801E-16  3.2240E-14  3.3845E-02 -2.8542E-01
  9.2857E-01 -5.4733E-01  9.2897E-01  1.6904E-01 -2.4634E+00  1.7423E-01  5.2339E-16 -5.8795E-15  2.9614E-02 -2.8554E-01
  9.3878E-01 -5.5334E-01  9.3151E-01  1.7396E-01 -2.4623E+00  1.7342E-01  5.4328E-17 -5.7463E-14  2.5384E-02 -2.8567E-01
  9.4898E-01 -5.5936E-01  9.3412E-01  1.7891E-01 -2.4613E+00  1.7250E-01 -2.7760E-17  4.6397E-14  2.1153E-02 -2.8579E-01
  9.5918E-01 -5.6537E-01  9.3681E-01  1.8390E-01 -2.4602E+00  1.7146E-01  2.5989E-16 -7.5386E-15  1.6923E-02 -2.8591E-01
  9.6939E-01 -5.7139E-01  9.3957E-01  1.8893E-01 -2.4592E+00  1.7029E-01  5.6627E-17 -1.9942E-14  1.2692E-02 -2.8603E-01
  9.7959E-01 -5.7740E-01  9.4240E-01  1.9403E-01 -2.4582E+00  1.6900E-01  2.8569E-17  1.6155E-14  8.4613E-03 -2.8614E-01
  9.8980E-01 -5.8342E-01  9.4530E-01  1.9900E-01 -2.4572E+00  1.6746E-01  6.4878E-16  6.7770E-14  4.2306E-03 -2.8626E-01

      S        DMerc        DShear       DCurr       DWell       Dgeod
----------------------------------------------------------------------------------------------------
  1.0204E-02 -3.7389E+04  5.3658E-03 -7.9461E-01  1.4652E+01 -3.7403E+04
  2.0408E-02 -1.9747E+02  1.7105E-02  1.2736E-02  7.4814E+00 -2.0499E+02
  3.0612E-02 -1.8654E+01  1.4411E-02  1.1504E-01  4.9836E+00 -2.3767E+01
  4.0816E-02 -4.6690E+00  1.1711E-02  9.8223E-02  3.6789E+00 -8.4578E+00
  5.1020E-02 -1.4272E+00  9.9178E-03  7.8397E-02  2.9005E+00 -4.4160E+00
  6.1224E-02 -1.5747E-01  8.5117E-03  5.9415E-02  2.3791E+00 -2.6045E+00
  7.1429E-02  3.9604E-01  7.3961E-03  4.4413E-02  2.0088E+00 -1.6646E+00
  8.1633E-02  6.5520E-01  6.4558E-03  3.2420E-02  1.7335E+00 -1.1172E+00
  9.1837E-02  7.6350E-01  5.6139E-03  2.3063E-02  1.5215E+00 -7.8667E-01
  1.0204E-01  7.9196E-01  4.8517E-03  1.5905E-02  1.3540E+00 -5.8278E-01
  1.1224E-01  7.7849E-01  4.1619E-03  1.0528E-02  1.2187E+00 -4.5494E-01
  1.2245E-01  7.4323E-01  3.5437E-03  6.5591E-03  1.1075E+00 -3.7441E-01
  1.3265E-01  6.9792E-01  2.9924E-03  3.7131E-03  1.0145E+00 -3.2323E-01
  1.4286E-01  6.4959E-01  2.5081E-03  1.7156E-03  9.3544E-01 -2.9007E-01
  1.5306E-01  6.0176E-01  2.0868E-03  3.5059E-04  8.6755E-01 -2.6823E-01
  1.6327E-01  5.5642E-01  1.7236E-03 -5.4689E-04  8.0856E-01 -2.5332E-01
  1.7347E-01  5.1475E-01  1.4127E-03 -1.1003E-03  7.5678E-01 -2.4234E-01
  1.8367E-01  4.7711E-01  1.1497E-03 -1.4118E-03  7.1098E-01 -2.3362E-01
  1.9388E-01  4.4327E-01  9.2876E-04 -1.5566E-03  6.7023E-01 -2.2633E-01
  2.0408E-01  4.1327E-01  7.4447E-04 -1.5846E-03  6.3370E-01 -2.1960E-01
  2.1429E-01  3.8678E-01  5.9202E-04 -1.5358E-03  6.0081E-01 -2.1309E-01
  2.2449E-01  3.6343E-01  4.6718E-04 -1.4399E-03  5.7106E-01 -2.0666E-01
  2.3469E-01  3.4283E-01  3.6561E-04 -1.3171E-03  5.4405E-01 -2.0027E-01
  2.4490E-01  3.2479E-01  2.8375E-04 -1.1807E-03  5.1942E-01 -1.9374E-01
  2.5510E-01  3.0894E-01  2.1858E-04 -1.0415E-03  4.9692E-01 -1.8715E-01
  2.6531E-01  2.9492E-01  1.6731E-04 -9.0762E-04  4.7630E-01 -1.8064E-01
  2.7551E-01  2.8257E-01  1.2721E-04 -7.8178E-04  4.5735E-01 -1.7412E-01
  2.8571E-01  2.7171E-01  9.6384E-05 -6.6737E-04  4.3987E-01 -1.6759E-01
  2.9592E-01  2.6211E-01  7.3080E-05 -5.6631E-04  4.2374E-01 -1.6114E-01
  3.0612E-01  2.5358E-01  5.5818E-05 -4.7977E-04  4.0883E-01 -1.5483E-01
  3.1633E-01  2.4599E-01  4.3276E-05 -4.0733E-04  3.9501E-01 -1.4865E-01
  3.2653E-01  2.3922E-01  3.4460E-05 -3.4889E-04  3.8217E-01 -1.4264E-01
  3.3673E-01  2.3314E-01  2.8540E-05 -3.0334E-04  3.7024E-01 -1.3683E-01
  3.4694E-01  2.2768E-01  2.4922E-05 -2.6959E-04  3.5914E-01 -1.3121E-01
  3.5714E-01  2.2278E-01  2.3161E-05 -2.4595E-04  3.4877E-01 -1.2576E-01
  3.6735E-01  2.1830E-01  2.3393E-05 -2.3324E-04  3.3911E-01 -1.2060E-01
  3.7755E-01  2.1403E-01  2.5425E-05 -2.2912E-04  3.3011E-01 -1.1588E-01
  3.8776E-01  2.1020E-01  2.9058E-05 -2.2913E-04  3.2166E-01 -1.1125E-01
  3.9796E-01  2.0673E-01  3.4827E-05 -2.3328E-04  3.1372E-01 -1.0679E-01
  4.0816E-01  2.0351E-01  4.3468E-05 -2.4139E-04  3.0629E-01 -1.0258E-01
  4.1837E-01  2.0050E-01  5.5559E-05 -2.5154E-04  2.9931E-01 -9.8619E-02
  4.2857E-01  1.9772E-01  7.1855E-05 -2.6194E-04  2.9275E-01 -9.4842E-02
  4.3878E-01  1.9513E-01  9.3415E-05 -2.7193E-04  2.8658E-01 -9.1278E-02
  4.4898E-01  1.9270E-01  1.2136E-04 -2.8018E-04  2.8078E-01 -8.7916E-02
  4.5918E-01  1.9044E-01  1.5693E-04 -2.8542E-04  2.7531E-01 -8.4737E-02
  4.6939E-01  1.8833E-01  2.0142E-04 -2.8683E-04  2.7015E-01 -8.1732E-02
  4.7959E-01  1.8633E-01  2.5697E-04 -2.8494E-04  2.6529E-01 -7.8932E-02
  4.8980E-01  1.8440E-01  3.2484E-04 -2.7862E-04  2.6070E-01 -7.6349E-02
  5.0000E-01  1.8263E-01  4.0595E-04 -2.6461E-04  2.5636E-01 -7.3866E-02
  5.1020E-01  1.8097E-01  5.0277E-04 -2.4424E-04  2.5224E-01 -7.1524E-02
  5.2041E-01  1.7939E-01  6.1816E-04 -2.1900E-04  2.4836E-01 -6.9367E-02
  5.3061E-01  1.7788E-01  7.5308E-04 -1.8708E-04  2.4468E-01 -6.7367E-02
  5.4082E-01  1.7650E-01  9.0881E-04 -1.4527E-04  2.4118E-01 -6.5446E-02
  5.5102E-01  1.7521E-01  1.0885E-03 -9.6012E-05  2.3787E-01 -6.3651E-02
  5.6122E-01  1.7400E-01  1.2940E-03 -3.8417E-05  2.3472E-01 -6.1969E-02
  5.7143E-01  1.7289E-01  1.5277E-03  2.7491E-05  2.3173E-01 -6.0392E-02
  5.8163E-01  1.7186E-01  1.7916E-03  1.0223E-04  2.2888E-01 -5.8915E-02
  5.9184E-01  1.7091E-01  2.0884E-03  1.8509E-04  2.2617E-01 -5.7532E-02
  6.0204E-01  1.7005E-01  2.4198E-03  2.7720E-04  2.2359E-01 -5.6245E-02
  6.1224E-01  1.6927E-01  2.7871E-03  3.8085E-04  2.2113E-01 -5.5021E-02
  6.2245E-01  1.6858E-01  3.1949E-03  4.9220E-04  2.1878E-01 -5.3880E-02
  6.3265E-01  1.6794E-01  3.6487E-03  6.0425E-04  2.1654E-01 -5.2853E-02
  6.4286E-01  1.6736E-01  4.1446E-03  7.2618E-04  2.1439E-01 -5.1904E-02
  6.5306E-01  1.6689E-01  4.6832E-03  8.6672E-04  2.1232E-01 -5.0980E-02
  6.6327E-01  1.6650E-01  5.2706E-03  1.0157E-03  2.1034E-01 -5.0129E-02
  6.7347E-01  1.6618E-01  5.9089E-03  1.1750E-03  2.0844E-01 -4.9340E-02
  6.8367E-01  1.6594E-01  6.6000E-03  1.3446E-03  2.0661E-01 -4.8611E-02
  6.9388E-01  1.6577E-01  7.3457E-03  1.5241E-03  2.0484E-01 -4.7938E-02
  7.0408E-01  1.6568E-01  8.1480E-03  1.7141E-03  2.0313E-01 -4.7320E-02
  7.1429E-01  1.6565E-01  9.0084E-03  1.9163E-03  2.0148E-01 -4.6754E-02
  7.2449E-01  1.6570E-01  9.9283E-03  2.1312E-03  1.9988E-01 -4.6235E-02
  7.3469E-01  1.6581E-01  1.0912E-02  2.3545E-03  1.9832E-01 -4.5770E-02
  7.4490E-01  1.6598E-01  1.1962E-02  2.5826E-03  1.9680E-01 -4.5366E-02
  7.5510E-01  1.6621E-01  1.3076E-02  2.8235E-03  1.9532E-01 -4.5003E-02
  7.6531E-01  1.6651E-01  1.4254E-02  3.0826E-03  1.9386E-01 -4.4677E-02
  7.7551E-01  1.6687E-01  1.5503E-02  3.3489E-03  1.9242E-01 -4.4408E-02
  7.8571E-01  1.6727E-01  1.6823E-02  3.6213E-03  1.9101E-01 -4.4186E-02
  7.9592E-01  1.6772E-01  1.8212E-02  3.9062E-03  1.8961E-01 -4.4003E-02
  8.0612E-01  1.6822E-01  1.9675E-02  4.2015E-03  1.8822E-01 -4.3867E-02
  8.1633E-01  1.6877E-01  2.1212E-02  4.5036E-03  1.8683E-01 -4.3774E-02
  8.2653E-01  1.6935E-01  2.2824E-02  4.8078E-03  1.8544E-01 -4.3722E-02
  8.3673E-01  1.6997E-01  2.4511E-02  5.1208E-03  1.8404E-01 -4.3707E-02
  8.4694E-01  1.7061E-01  2.6278E-02  5.4375E-03  1.8263E-01 -4.3737E-02
  8.5714E-01  1.7127E-01  2.8125E-02  5.7454E-03  1.8121E-01 -4.3805E-02
  8.6735E-01  1.7195E-01  3.0050E-02  6.0446E-03  1.7976E-01 -4.3904E-02
  8.7755E-01  1.7265E-01  3.2053E-02  6.3536E-03  1.7827E-01 -4.4021E-02
  8.8776E-01  1.7336E-01  3.4144E-02  6.6540E-03  1.7675E-01 -4.4184E-02
  8.9796E-01  1.7403E-01  3.6320E-02  6.9064E-03  1.7518E-01 -4.4377E-02
  9.0816E-01  1.7469E-01  3.8576E-02  7.1535E-03  1.7355E-01 -4.4589E-02
  9.1837E-01  1.7539E-01  4.0918E-02  7.3915E-03  1.7186E-01 -4.4779E-02
  9.2857E-01  1.7606E-01  4.3349E-02  7.5947E-03  1.7009E-01 -4.4972E-02
  9.3878E-01  1.7664E-01  4.5867E-02  7.7488E-03  1.6824E-01 -4.5209E-02
  9.4898E-01  1.7725E-01  4.8474E-02  7.8738E-03  1.6628E-01 -4.5377E-02
  9.5918E-01  1.7796E-01  5.1173E-02  7.9671E-03  1.6420E-01 -4.5379E-02
  9.6939E-01  1.7864E-01  5.3965E-02  8.0060E-03  1.6198E-01 -4.5307E-02
  9.7959E-01  1.7944E-01  5.6870E-02  7.9740E-03  1.5963E-01 -4.5030E-02
  9.8980E-01  1.8094E-01  5.9776E-02  8.1113E-03  1.5696E-01 -4.3906E-02
