      S          PHI         IOTA        SHEAR        VP         WELL        ITOR       ITOR'       PRES       PRES'
------------------------------------------------------------------------------------------------------------------------
  1.0204E-02 -6.0146E-03  8.5929E-01  5.4942E-02 -2.5589E+00  1.9225E-01  1.5334E-19 -4.0021E-15  4.1037E-01 -2.7488E-01
  2.0408E-02 -1.2029E-02  8.6047E-01  9.8958E-02 -2.5578E+00  1.9479E-01  3.2350E-17  8.1897E-15  4.0614E-01 -2.7500E-01
  3.0612E-02 -1.8044E-02  8.6193E-01  9.0406E-02 -2.5566E+00  1.9482E-01  9.0701E-17 -6.0396E-16  4.0191E-01 -2.7513E-01
  4.0816E-02 -2.4058E-02  8.6325E-01  8.1368E-02 -2.5554E+00  1.9294E-01  1.1836E-16  4.2037E-15  3.9768E-01 -2.7526E-01
  5.1020E-02 -3.0073E-02  8.6445E-01  7.4781E-02 -2.5543E+00  1.9115E-01  4.6446E-17 -1.3568E-14  3.9345E-01 -2.7538E-01
  6.1224E-02 -3.6088E-02  8.6555E-01  6.9142E-02 -2.5531E+00  1.8923E-01  1.3789E-17  9.3209E-15  3.8922E-01 -2.7550E-01
  7.1429E-02 -4.2102E-02  8.6658E-01  6.4308E-02 -2.5520E+00  1.8744E-01 -9.7394E-19 -1.1249E-14  3.8499E-01 -2.7563E-01
  8.1633E-02 -4.8117E-02  8.6753E-01  5.9929E-02 -2.5509E+00  1.8580E-01 -5.2422E-17  4.5470E-15  3.8076E-01 -2.7575E-01
  9.1837E-02 -5.4131E-02  8.6842E-01  5.5737E-02 -2.5498E+00  1.8433E-01  9.8948E-17  1.5192E-14  3.7653E-01 -2.7587E-01
  1.0204E-01 -6.0146E-02  8.6924E-01  5.1664E-02 -2.5487E+00  1.8303E-01  5.6488E-17 -2.0738E-14  3.7230E-01 -2.7599E-01
  1.1224E-01 -6.6161E-02  8.7000E-01  4.7703E-02 -2.5476E+00  1.8191E-01 -4.4897E-17  7.5136E-15  3.6807E-01 -2.7611E-01
  1.2245E-01 -7.2175E-02  8.7070E-01  4.3867E-02 -2.5465E+00  1.8093E-01  5.3902E-17  5.3846E-15  3.6384E-01 -2.7622E-01
  1.3265E-01 -7.8190E-02  8.7135E-01  4.0163E-02 -2.5454E+00  1.8007E-01  1.7724E-16  1.0725E-14  3.5960E-01 -2.7634E-01
  1.4286E-01 -8.4204E-02  8.7193E-01  3.6615E-02 -2.5443E+00  1.7929E-01  1.5438E-16 -1.3716E-14  3.5537E-01 -2.7646E-01
  1.5306E-01 -9.0219E-02  8.7247E-01  3.3245E-02 -2.5432E+00  1.7859E-01  2.2363E-16  2.2777E-14  3.5114E-01 -2.7658E-01
  1.6327E-01 -9.6233E-02  8.7295E-01  3.0053E-02 -2.5422E+00  1.7795E-01  4.5314E-16  7.2344E-15  3.4691E-01 -2.7669E-01
  1.7347E-01 -1.0225E-01  8.7339E-01  2.7047E-02 -2.5411E+00  1.7735E-01  2.5752E-16 -3.2836E-14  3.4268E-01 -2.7681E-01
  1.8367E-01 -1.0826E-01  8.7378E-01  2.4232E-02 -2.5400E+00  1.7678E-01  7.1422E-17  8.4862E-15  3.3845E-01 -2.7693E-01
  1.9388E-01 -1.1428E-01  8.7413E-01  2.1610E-02 -2.5390E+00  1.7624E-01 -7.6829E-17 -2.7906E-14  3.3422E-01 -2.7704E-01
  2.0408E-01 -1.2029E-01  8.7444E-01  1.9172E-02 -2.5379E+00  1.7573E-01 -1.1021E-16  2.3544E-14  3.2999E-01 -2.7716E-01
  2.1429E-01 -1.2631E-01  8.7472E-01  1.6920E-02 -2.5368E+00  1.7525E-01  8.2386E-18 -8.0280E-15  3.2576E-01 -2.7727E-01
  2.2449E-01 -1.3232E-01  8.7496E-01  1.4847E-02 -2.5358E+00  1.7479E-01 -9.5925E-17 -5.6278E-15  3.2153E-01 -2.7739E-01
  2.3469E-01 -1.3834E-01  8.7517E-01  1.2949E-02 -2.5347E+00  1.7436E-01 -6.8484E-17  9.2300E-15  3.1730E-01 -2.7750E-01
  2.4490E-01 -1.4435E-01  8.7536E-01  1.1219E-02 -2.5337E+00  1.7396E-01 -2.1842E-17 -3.1124E-15  3.1307E-01 -2.7762E-01
  2.5510E-01 -1.5036E-01  8.7552E-01  9.6562E-03 -2.5326E+00  1.7358E-01  2.2944E-16  3.6106E-14  3.0884E-01 -2.7773E-01
  2.6531E-01 -1.5638E-01  8.7565E-01  8.2548E-03 -2.5316E+00  1.7324E-01  3.8093E-16 -1.6224E-14  3.0461E-01 -2.7785E-01
  2.7551E-01 -1.6239E-01  8.7577E-01  7.0069E-03 -2.5306E+00  1.7292E-01  2.9233E-16  4.5876E-15  3.0038E-01 -2.7796E-01
  2.8571E-01 -1.6841E-01  8.7587E-01  5.9097E-03 -2.5295E+00  1.7263E-01  2.2078E-16 -1.3995E-14  2.9614E-01 -2.7807E-01
  2.9592E-01 -1.7442E-01  8.7595E-01  4.9633E-03 -2.5285E+00  1.7236E-01  4.1938E-17 -9.5188E-15  2.9191E-01 -2.7819E-01
  3.0612E-01 -1.8044E-01  8.7602E-01  4.1642E-03 -2.5275E+00  1.7213E-01  2.8009E-16  4.0855E-14  2.8768E-01 -2.7830E-01
  3.1633E-01 -1.8645E-01  8.7608E-01  3.5108E-03 -2.5264E+00  1.7192E-01  2.1284E-16 -4.9723E-14  2.8345E-01 -2.7842E-01
  3.2653E-01 -1.9247E-01  8.7613E-01  3.0000E-03 -2.5254E+00  1.7174E-01  1.0993E-16  3.6193E-14  2.7922E-01 -2.7853E-01
  3.3673E-01 -1.9848E-01  8.7617E-01  2.6317E-03 -2.5244E+00  1.7159E-01  3.0549E-16 -1.0449E-14  2.7499E-01 -2.7864E-01
  3.4694E-01 -2.0450E-01  8.7621E-01  2.4013E-03 -2.5233E+00  1.7147E-01  1.4829E-16 -1.0262E-14  2.7076E-01 -2.7876E-01
  3.5714E-01 -2.1051E-01  8.7624E-01  2.3063E-03 -2.5223E+00  1.7137E-01  5.5349E-17 -1.9870E-15  2.6653E-01 -2.7887E-01
  3.6735E-01 -2.1653E-01  8.7628E-01  2.3695E-03 -2.5213E+00  1.7129E-01  5.7010E-17  2.2068E-15  2.6230E-01 -2.7899E-01
  3.7755E-01 -2.2254E-01  8.7632E-01  2.5776E-03 -2.5202E+00  1.7126E-01  6.8804E-17 -6.5165E-16  2.5807E-01 -2.7910E-01
  3.8776E-01 -2.2855E-01  8.7636E-01  2.8981E-03 -2.5192E+00  1.7124E-01  1.9396E-16  1.7172E-14  2.5384E-01 -2.7921E-01
  3.9796E-01 -2.3457E-01  8.7640E-01  3.3486E-03 -2.5182E+00  1.7123E-01  5.4115E-17 -3.5645E-14  2.4961E-01 -2.7933E-01
  4.0816E-01 -2.4058E-01  8.7646E-01  3.9404E-03 -2.5171E+00  1.7126E-01 -1.1004E-16  1.3974E-14  2.4538E-01 -2.7944E-01
  4.1837E-01 -2.4660E-01  8.7652E-01  4.6677E-03 -2.5161E+00  1.7130E-01  5.6095E-17  7.9760E-15  2.4115E-01 -2.7956E-01
  4.2857E-01 -2.5261E-01  8.7660E-01  5.5231E-03 -2.5151E+00  1.7137E-01 -9.5691E-18 -1.6661E-14  2.3692E-01 -2.7967E-01
  4.3878E-01 -2.5863E-01  8.7669E-01  6.5111E-03 -2.5140E+00  1.7145E-01 -1.0173E-16  4.4784E-15  2.3269E-01 -2.7979E-01
  4.4898E-01 -2.6464E-01  8.7680E-01  7.6280E-03 -2.5130E+00  1.7156E-01  3.0868E-18  9.3887E-15  2.2845E-01 -2.7990E-01
  4.5918E-01 -2.7066E-01  8.7692E-01  8.8730E-03 -2.5120E+00  1.7168E-01  1.5235E-16  1.0366E-14  2.2422E-01 -2.8002E-01
  4.6939E-01 -2.7667E-01  8.7707E-01  1.0241E-02 -2.5110E+00  1.7182E-01  1.1204E-16 -1.5709E-14  2.1999E-01 -2.8013E-01
  4.7959E-01 -2.8269E-01  8.7723E-01  1.1748E-02 -2.5099E+00  1.7198E-01  1.1635E-16  1.6286E-14  2.1576E-01 -2.8025E-01
  4.8980E-01 -2.8870E-01  8.7742E-01  1.3378E-02 -2.5089E+00  1.7215E-01  2.5229E-16  1.7240E-15  2.1153E-01 -2.8036E-01
  5.0000E-01 -2.9471E-01  8.7764E-01  1.5116E-02 -2.5078E+00  1.7234E-01  2.4143E-16 -3.1642E-15  2.0730E-01 -2.8048E-01
  5.1020E-01 -3.0073E-01  8.7788E-01  1.6974E-02 -2.5068E+00  1.7253E-01  2.4379E-16  3.4790E-15  2.0307E-01 -2.8059E-01
  5.2041E-01 -3.0674E-01  8.7815E-01  1.8965E-02 -2.5058E+00  1.7274E-01  1.5846E-16 -1.4805E-14  1.9884E-01 -2.8071E-01
  5.3061E-01 -3.1276E-01  8.7845E-01  2.1068E-02 -2.5047E+00  1.7297E-01 -1.7483E-16 -2.9436E-14  1.9461E-01 -2.8083E-01
  5.4082E-01 -3.1877E-01  8.7879E-01  2.3274E-02 -2.5037E+00  1.7320E-01  8.1853E-18  5.3755E-14  1.9038E-01 -2.8094E-01
  5.5102E-01 -3.2479E-01  8.7916E-01  2.5593E-02 -2.5026E+00  1.7343E-01  2.3619E-16 -2.3483E-14  1.8615E-01 -2.8106E-01
  5.6122E-01 -3.3080E-01  8.7956E-01  2.8023E-02 -2.5016E+00  1.7368E-01  1.1282E-16  7.0927E-15  1.8192E-01 -2.8118E-01
  5.7143E-01 -3.3682E-01  8.8000E-01  3.0560E-02 -2.5006E+00  1.7393E-01  3.5977E-18 -2.1620E-14  1.7769E-01 -2.8130E-01
  5.8163E-01 -3.4283E-01  8.8048E-01  3.3202E-02 -2.4995E+00  1.7419E-01 -1.0743E-16  6.8579E-15  1.7346E-01 -2.8141E-01
  5.9184E-01 -3.4885E-01  8.8100E-01  3.5951E-02 -2.4985E+00  1.7445E-01  2.5493E-17  1.0830E-14  1.6923E-01 -2.8153E-01
  6.0204E-01 -3.5486E-01  8.8156E-01  3.8798E-02 -2.4974E+00  1.7472E-01 -5.4966E-17 -2.1548E-14  1.6499E-01 -2.8165E-01
  6.1224E-01 -3.6088E-01  8.8217E-01  4.1734E-02 -2.4964E+00  1.7498E-01 -1.3566E-16  1.0808E-14  1.6076E-01 -2.8177E-01
  6.2245E-01 -3.6689E-01  8.8281E-01  4.4777E-02 -2.4953E+00  1.7525E-01 -6.1300E-17 -9.0354E-16  1.5653E-01 -2.8189E-01
  6.3265E-01 -3.7290E-01  8.8351E-01  4.7947E-02 -2.4943E+00  1.7552E-01 -1.8514E-16 -1.5607E-14  1.5230E-01 -2.8201E-01
  6.4286E-01 -3.7892E-01  8.8425E-01  5.1193E-02 -2.4932E+00  1.7578E-01  8.8559E-18  4.1487E-14  1.4807E-01 -2.8213E-01
  6.5306E-01 -3.8493E-01  8.8505E-01  5.4502E-02 -2.4921E+00  1.7604E-01 -1.5413E-16 -6.3252E-14  1.4384E-01 -2.8225E-01
  6.6327E-01 -3.9095E-01  8.8589E-01  5.7904E-02 -2.4911E+00  1.7629E-01 -3.8977E-16  3.1824E-14  1.3961E-01 -2.8237E-01
  6.7347E-01 -3.9696E-01  8.8678E-01  6.1394E-02 -2.4900E+00  1.7653E-01  1.9279E-16  4.5958E-14  1.3538E-01 -2.8249E-01
  6.8367E-01 -4.0298E-01  8.8773E-01  6.4967E-02 -2.4890E+00  1.7677E-01  3.3657E-16 -2.6769E-14  1.3115E-01 -2.8261E-01
  6.9388E-01 -4.0899E-01  8.8873E-01  6.8620E-02 -2.4879E+00  1.7700E-01  1.8889E-16  7.0422E-15  1.2692E-01 -2.8273E-01
  7.0408E-01 -4.1501E-01  8.8978E-01  7.2351E-02 -2.4868E+00  1.7721E-01  2.6887E-16  3.6493E-15  1.2269E-01 -2.8285E-01
  7.1429E-01 -4.2102E-01  8.9089E-01  7.6155E-02 -2.4858E+00  1.7741E-01  4.2551E-16  1.7303E-14  1.1846E-01 -2.8297E-01
  7.2449E-01 -4.2704E-01  8.9206E-01  8.0027E-02 -2.4847E+00  1.7760E-01  5.7074E-16  2.1253E-15  1.1423E-01 -2.8309E-01
  7.3469E-01 -4.3305E-01  8.9328E-01  8.3977E-02 -2.4836E+00  1.7776E-01  5.1277E-16 -9.8874E-15  1.1000E-01 -2.8321E-01
  7.4490E-01 -4.3907E-01  8.9457E-01  8.8006E-02 -2.4826E+00  1.7791E-01  5.6480E-16  1.6861E-14  1.0577E-01 -2.8334E-01
  7.5510E-01 -4.4508E-01  8.9591E-01  9.2090E-02 -2.4815E+00  1.7804E-01  3.4755E-16 -4.5979E-14  1.0154E-01 -2.8346E-01
  7.6531E-01 -4.5109E-01  8.9732E-01  9.6227E-02 -2.4804E+00  1.7814E-01  2.6210E-16  3.4544E-14  9.7305E-02 -2.8358E-01
  7.7551E-01 -4.5711E-01  8.9878E-01  1.0043E-01 -2.4793E+00  1.7821E-01  2.1863E-16 -4.0389E-14  9.3074E-02 -2.8370E-01
  7.8571E-01 -4.6312E-01  9.0031E-01  1.0470E-01 -2.4783E+00  1.7826E-01 -3.5296E-17  6.3354E-15  8.8843E-02 -2.8383E-01
  7.9592E-01 -4.6914E-01  9.0191E-01  1.0902E-01 -2.4772E+00  1.7827E-01 -1.1525E-16 -1.7071E-14  8.4613E-02 -2.8395E-01
  8.0612E-01 -4.7515E-01  9.0356E-01  1.1339E-01 -2.4761E+00  1.7825E-01 -2.9518E-16 -7.0842E-15  8.0382E-02 -2.8407E-01
  8.1633E-01 -4.8117E-01  9.0528E-01  1.1781E-01 -2.4751E+00  1.7819E-01 -1.7461E-16  2.3287E-14  7.6152E-02 -2.8419E-01
  8.2653E-01 -4.8718E-01  9.0707E-01  1.2228E-01 -2.4740E+00  1.7809E-01 -3.6101E-16 -4.8351E-14  7.1921E-02 -2.8432E-01
  8.3673E-01 -4.9320E-01  9.0892E-01  1.2680E-01 -2.4729E+00  1.7795E-01  1.6558E-16  1.1918E-13  6.7690E-02 -2.8444E-01
  8.4694E-01 -4.9921E-01  9.1084E-01  1.3137E-01 -2.4718E+00  1.7776E-01  1.2543E-15  2.7235E-14  6.3460E-02 -2.8456E-01
  8.5714E-01 -5.0523E-01  9.1283E-01  1.3599E-01 -2.4708E+00  1.7753E-01  1.0265E-15 -5.7914E-14  5.9229E-02 -2.8469E-01
  8.6735E-01 -5.1124E-01  9.1488E-01  1.4064E-01 -2.4697E+00  1.7723E-01  4.4360E-16 -2.0540E-14  5.4998E-02 -2.8481E-01
  8.7755E-01 -5.1725E-01  9.1701E-01  1.4533E-01 -2.4686E+00  1.7688E-01  3.8089E-16  1.2101E-14  5.0768E-02 -2.8493E-01
  8.8776E-01 -5.2327E-01  9.1920E-01  1.5007E-01 -2.4676E+00  1.7646E-01  2.9203E-16 -2.4080E-14  4.6537E-02 -2.8506E-01
  8.9796E-01 -5.2928E-01  9.2146E-01  1.5486E-01 -2.4665E+00  1.7598E-01  3.0366E-16  2.5658E-14  4.2306E-02 -2.8518E-01
  9.0816E-01 -5.3530E-01  9.2380E-01  1.5967E-01 -2.4655E+00  1.7542E-01  4.8146E-16 -1.6883E-15  3.8076E-02 -2.8530E-01
  9.1837E-01 -5.4131E-01  9.2620E-01  1.6452E-01 -2.4644E+00  1.7478E-01  1.7112E-16 -4.0185E-14  3.3845E-02 -2.8542E-01
  9.2857E-01 -5.4733E-01  9.2867E-01  1.6941E-01 -2.4634E+00  1.7405E-01 -2.5823E-16 -1.7754E-14  2.9614E-02 -2.8554E-01
  9.3878E-01 -5.5334E-01  9.3122E-01  1.7434E-01 -2.4623E+00  1.7323E-01 -3.3567E-16  7.3022E-15  2.5384E-02 -2.8566E-01
  9.4898E-01 -5.5936E-01  9.3384E-01  1.7929E-01 -2.4613E+00  1.7230E-01  1.5311E-16  5.8730E-14  2.1153E-02 -2.8579E-01
  9.5918E-01 -5.6537E-01  9.3653E-01  1.8429E-01 -2.4602E+00  1.7126E-01  4.5493E-16 -1.7960E-14  1.6923E-02 -2.8591E-01
  9.6939E-01 -5.7139E-01  9.3929E-01  1.8931E-01 -2.4592E+00  1.7008E-01  5.2684E-16  2.7691E-14  1.2692E-02 -2.8602E-01
  9.7959E-01 -5.7740E-01  9.4213E-01  1.9441E-01 -2.4582E+00  1.6878E-01  6.5576E-16 -1.0263E-14  8.4613E-03 -2.8614E-01
  9.8980E-01 -5.8342E-01  9.4504E-01  1.9938E-01 -2.4572E+00  1.6725E-01  6.9996E-16  1.6248E-14  4.2306E-03 -2.8626E-01

      S        DMerc        DShear       DCurr       DWell       Dgeod
----------------------------------------------------------------------------------------------------
  1.0204E-02 -3.7364E+04  4.9415E-03 -7.6630E-01  1.4726E+01 -3.7378E+04
  2.0408E-02 -1.9740E+02  1.6016E-02  1.1777E-02  7.5260E+00 -2.0495E+02
  3.0612E-02 -1.8441E+01  1.3355E-02  1.0960E-01  5.0169E+00 -2.3581E+01
  4.0816E-02 -4.6000E+00  1.0809E-02  9.3823E-02  3.7046E+00 -8.4093E+00
  5.1020E-02 -1.3735E+00  9.1214E-03  7.4769E-02  2.9203E+00 -4.3777E+00
  6.1224E-02 -1.1896E-01  7.7905E-03  5.6461E-02  2.3946E+00 -2.5778E+00
  7.1429E-02  4.2518E-01  6.7334E-03  4.2001E-02  2.0214E+00 -1.6450E+00
  8.1633E-02  6.7714E-01  5.8424E-03  3.0486E-02  1.7439E+00 -1.1031E+00
  9.1837E-02  7.8004E-01  5.0493E-03  2.1547E-02  1.5304E+00 -7.7693E-01
  1.0204E-01  8.0447E-01  4.3345E-03  1.4747E-02  1.3617E+00 -5.7630E-01
  1.1224E-01  7.8804E-01  3.6922E-03  9.6701E-03  1.2255E+00 -4.5086E-01
  1.2245E-01  7.5052E-01  3.1196E-03  5.9500E-03  1.1136E+00 -3.7215E-01
  1.3265E-01  7.0345E-01  2.6127E-03  3.3034E-03  1.0199E+00 -3.2238E-01
  1.4286E-01  6.5378E-01  2.1697E-03  1.4633E-03  9.4041E-01 -2.9026E-01
  1.5306E-01  6.0495E-01  1.7871E-03  2.1935E-04  8.7210E-01 -2.6916E-01
  1.6327E-01  5.5883E-01  1.4592E-03 -5.8543E-04  8.1275E-01 -2.5480E-01
  1.7347E-01  5.1656E-01  1.1809E-03 -1.0704E-03  7.6067E-01 -2.4422E-01
  1.8367E-01  4.7848E-01  9.4706E-04 -1.3311E-03  7.1461E-01 -2.3575E-01
  1.9388E-01  4.4431E-01  7.5262E-04 -1.4397E-03  6.7362E-01 -2.2863E-01
  2.0408E-01  4.1405E-01  5.9188E-04 -1.4419E-03  6.3689E-01 -2.2199E-01
  2.1429E-01  3.8738E-01  4.6058E-04 -1.3763E-03  6.0382E-01 -2.1552E-01
  2.2449E-01  3.6392E-01  3.5434E-04 -1.2697E-03  5.7391E-01 -2.0908E-01
  2.3469E-01  3.4326E-01  2.6934E-04 -1.1414E-03  5.4675E-01 -2.0262E-01
  2.4490E-01  3.2517E-01  2.0198E-04 -1.0033E-03  5.2200E-01 -1.9602E-01
  2.5510E-01  3.0931E-01  1.4952E-04 -8.6581E-04  4.9937E-01 -1.8934E-01
  2.6531E-01  2.9533E-01  1.0918E-04 -7.3533E-04  4.7865E-01 -1.8269E-01
  2.7551E-01  2.8304E-01  7.8601E-05 -6.1511E-04  4.5959E-01 -1.7602E-01
  2.8571E-01  2.7223E-01  5.5867E-05 -5.0760E-04  4.4203E-01 -1.6935E-01
  2.9592E-01  2.6268E-01  3.9374E-05 -4.1455E-04  4.2582E-01 -1.6277E-01
  3.0612E-01  2.5420E-01  2.7693E-05 -3.3635E-04  4.1083E-01 -1.5632E-01
  3.1633E-01  2.4667E-01  1.9669E-05 -2.7281E-04  3.9693E-01 -1.5001E-01
  3.2653E-01  2.3995E-01  1.4350E-05 -2.2320E-04  3.8403E-01 -1.4388E-01
  3.3673E-01  2.3392E-01  1.1034E-05 -1.8661E-04  3.7204E-01 -1.3795E-01
  3.4694E-01  2.2849E-01  9.1790E-06 -1.6153E-04  3.6088E-01 -1.3223E-01
  3.5714E-01  2.2363E-01  8.4597E-06 -1.4645E-04  3.5046E-01 -1.2669E-01
  3.6735E-01  2.1917E-01  8.9226E-06 -1.4159E-04  3.4074E-01 -1.2143E-01
  3.7755E-01  2.1495E-01  1.0550E-05 -1.4471E-04  3.3169E-01 -1.1661E-01
  3.8776E-01  2.1114E-01  1.3326E-05 -1.5171E-04  3.2319E-01 -1.1191E-01
  3.9796E-01  2.0768E-01  1.7776E-05 -1.6248E-04  3.1520E-01 -1.0738E-01
  4.0816E-01  2.0447E-01  2.4595E-05 -1.7642E-04  3.0773E-01 -1.0311E-01
  4.1837E-01  2.0146E-01  3.4484E-05 -1.9182E-04  3.0071E-01 -9.9089E-02
  4.2857E-01  1.9869E-01  4.8240E-05 -2.0680E-04  2.9411E-01 -9.5266E-02
  4.3878E-01  1.9609E-01  6.6987E-05 -2.2077E-04  2.8790E-01 -9.1658E-02
  4.4898E-01  1.9366E-01  9.1865E-05 -2.3230E-04  2.8206E-01 -8.8259E-02
  4.5918E-01  1.9138E-01  1.2420E-04 -2.4033E-04  2.7655E-01 -8.5052E-02
  4.6939E-01  1.8925E-01  1.6532E-04 -2.4384E-04  2.7136E-01 -8.2023E-02
  4.7959E-01  1.8723E-01  2.1735E-04 -2.4333E-04  2.6646E-01 -7.9197E-02
  4.8980E-01  1.8530E-01  2.8162E-04 -2.3755E-04  2.6184E-01 -7.6584E-02
  5.0000E-01  1.8351E-01  3.5927E-04 -2.2378E-04  2.5746E-01 -7.4085E-02
  5.1020E-01  1.8183E-01  4.5262E-04 -2.0298E-04  2.5331E-01 -7.1729E-02
  5.2041E-01  1.8023E-01  5.6457E-04 -1.7649E-04  2.4940E-01 -6.9555E-02
  5.3061E-01  1.7871E-01  6.9615E-04 -1.4244E-04  2.4569E-01 -6.7536E-02
  5.4082E-01  1.7730E-01  8.4887E-04 -9.8224E-05  2.4216E-01 -6.5608E-02
  5.5102E-01  1.7599E-01  1.0256E-03 -4.5744E-05  2.3881E-01 -6.3804E-02
  5.6122E-01  1.7476E-01  1.2286E-03  1.5642E-05  2.3563E-01 -6.2116E-02
  5.7143E-01  1.7363E-01  1.4599E-03  8.6220E-05  2.3261E-01 -6.0533E-02
  5.8163E-01  1.7258E-01  1.7218E-03  1.6631E-04  2.2974E-01 -5.9051E-02
  5.9184E-01  1.7161E-01  2.0170E-03  2.5529E-04  2.2700E-01 -5.7665E-02
  6.0204E-01  1.7072E-01  2.3472E-03  3.5418E-04  2.2440E-01 -5.6376E-02
  6.1224E-01  1.6993E-01  2.7135E-03  4.6599E-04  2.2191E-01 -5.5151E-02
  6.2245E-01  1.6922E-01  3.1210E-03  5.8602E-04  2.1953E-01 -5.4008E-02
  6.3265E-01  1.6856E-01  3.5755E-03  7.0646E-04  2.1726E-01 -5.2984E-02
  6.4286E-01  1.6796E-01  4.0727E-03  8.3754E-04  2.1509E-01 -5.2041E-02
  6.5306E-01  1.6748E-01  4.6123E-03  9.8967E-04  2.1300E-01 -5.1121E-02
  6.6327E-01  1.6707E-01  5.2016E-03  1.1509E-03  2.1099E-01 -5.0276E-02
  6.7347E-01  1.6673E-01  5.8424E-03  1.3236E-03  2.0906E-01 -4.9496E-02
  6.8367E-01  1.6648E-01  6.5368E-03  1.5075E-03  2.0721E-01 -4.8776E-02
  6.9388E-01  1.6629E-01  7.2863E-03  1.7028E-03  2.0542E-01 -4.8114E-02
  7.0408E-01  1.6619E-01  8.0932E-03  1.9093E-03  2.0369E-01 -4.7508E-02
  7.1429E-01  1.6615E-01  8.9589E-03  2.1299E-03  2.0202E-01 -4.6956E-02
  7.2449E-01  1.6619E-01  9.8847E-03  2.3646E-03  2.0039E-01 -4.6453E-02
  7.3469E-01  1.6629E-01  1.0875E-02  2.6088E-03  1.9881E-01 -4.6008E-02
  7.4490E-01  1.6644E-01  1.1933E-02  2.8580E-03  1.9727E-01 -4.5624E-02
  7.5510E-01  1.6666E-01  1.3055E-02  3.1222E-03  1.9577E-01 -4.5281E-02
  7.6531E-01  1.6696E-01  1.4242E-02  3.4066E-03  1.9428E-01 -4.4979E-02
  7.7551E-01  1.6729E-01  1.5501E-02  3.6992E-03  1.9283E-01 -4.4737E-02
  7.8571E-01  1.6769E-01  1.6831E-02  3.9994E-03  1.9140E-01 -4.4544E-02
  7.9592E-01  1.6813E-01  1.8232E-02  4.3143E-03  1.8998E-01 -4.4392E-02
  8.0612E-01  1.6862E-01  1.9706E-02  4.6409E-03  1.8857E-01 -4.4292E-02
  8.1633E-01  1.6916E-01  2.1256E-02  4.9762E-03  1.8716E-01 -4.4237E-02
  8.2653E-01  1.6973E-01  2.2880E-02  5.3149E-03  1.8576E-01 -4.4225E-02
  8.3673E-01  1.7033E-01  2.4581E-02  5.6647E-03  1.8434E-01 -4.4254E-02
  8.4694E-01  1.7097E-01  2.6361E-02  6.0202E-03  1.8292E-01 -4.4333E-02
  8.5714E-01  1.7162E-01  2.8222E-02  6.3681E-03  1.8148E-01 -4.4451E-02
  8.6735E-01  1.7227E-01  3.0162E-02  6.7080E-03  1.8001E-01 -4.4604E-02
  8.7755E-01  1.7296E-01  3.2179E-02  7.0604E-03  1.7850E-01 -4.4779E-02
  8.8776E-01  1.7365E-01  3.4284E-02  7.4063E-03  1.7697E-01 -4.5002E-02
  8.9796E-01  1.7430E-01  3.6473E-02  7.7035E-03  1.7538E-01 -4.5265E-02
  9.0816E-01  1.7492E-01  3.8743E-02  7.9974E-03  1.7374E-01 -4.5557E-02
  9.1837E-01  1.7559E-01  4.1097E-02  8.2844E-03  1.7203E-01 -4.5819E-02
  9.2857E-01  1.7623E-01  4.3539E-02  8.5369E-03  1.7025E-01 -4.6091E-02
  9.3878E-01  1.7676E-01  4.6068E-02  8.7420E-03  1.6838E-01 -4.6428E-02
  9.4898E-01  1.7731E-01  4.8684E-02  8.9186E-03  1.6640E-01 -4.6693E-02
  9.5918E-01  1.7800E-01  5.1391E-02  9.0639E-03  1.6431E-01 -4.6772E-02
  9.6939E-01  1.7864E-01  5.4188E-02  9.1574E-03  1.6208E-01 -4.6782E-02
  9.7959E-01  1.7943E-01  5.7095E-02  9.1823E-03  1.5971E-01 -4.6557E-02
  9.8980E-01  1.8101E-01  6.0002E-02  9.3721E-03  1.5704E-01 -4.5405E-02
